1265590357 2280360483 116577706
1075455948 3227133708 8598717
1347571357 1396852531 139654355
2844049090 3997312481 221621325
829779926 829779926 825585654
1075522392 1147035976 73278292
200519297 4123476369 199405191
791949592 2886215526 119149489
2149833616 2418252688 3054745
915591772 4254134800 64665780
323215972 1930596748 9030581
113806748 499682371 113806748
3369553138 3369553378 71145967
947923002 3405808290 138451633
2004620874 2509601964 89226734
218826068 220923204 218826068
2568054993 2568054993 271867505
210249915 226505131 25752453
2873474569 2974662153 292453955
2729494539 3330330130 105450201
313794597 1119100965 19063010
1079446042 1246627922 15960120
3826806545 3826806545 25391046
1468606305 1468606305 72698750
684712752 684712752 684712752
2858485412 2858485412 73673529
3385453745 3788105909 85425593
1282556132 1819287780 36769268
1101463632 3280994435 69480844
186954036 1973498116 26848009
1622818693 1626321300 40810197
1753911427 1770557577 696815817
3125391283 3125391283 979972023
2357632016 2357632016 437937
97380932 2244774356 26846693
1396057637 1396057637 120530467
3737394762 3737394762 173777983
3114445106 3114445106 32783856
2070449572 2132101600 857696720
3805245581 3805245581 15898367
1229630004 3675836932 51936582
944439808 1946946048 86819
1690769768 1856258412 246759788
1828908357 1837778373 227429581
953349864 4243015178 328266238
1524173082 2094860328 198216107
661759824 2809243456 24062677
898955872 3374587731 99951322
1494325416 3670319624 18208783
2469838637 4091882127 427265871
3013313148 4085357426 272293747
2284429407 2422775903 292069471
1026256517 3974336041 525122126
590362038 1805025580 16650869
1627763117 3842093468 99697069
51185159 51186695 51185159
1079407005 3812891929 279006075
2202014560 3239056800 22619176
4083464393 4145257542 863096518
846765316 846895376 309562648
257360646 2989566726 244556578
2553545994 3540263192 357532
2152217115 2697997073 550513457
1772278292 3911349888 28038665
685329043 703613146 15813307
381913812 383355476 351898140
379244067 3833084227 335226208
267263686 902764486 265232070
1272105988 3473296644 118418450
2290488486 3246788906 20845346
276295722 343404554 276295722
1983070665 3597222091 338291367
2302514820 2739687328 154711718
60399694 2343093776 42525390
667764141 733946277 599744933
3623488553 4093250601 397819433
1359622061 3470042377 97335784
2922625235 4231247899 177994043
1219867515 3372036474 687715162
688022441 1778537625 86857749
36818274 2758984961 36818274
1477481090 1478005250 39686272
509182778 2418525562 8361262
278540541 815411437 8334375
846005877 2054967876 16285586
2417086223 3314567418 15879823
1988232205 2153127429 5382033
394550233 394550233 59071451
95105167 355152015 95105167
3767572523 4036497609 12964142
433650610 1289351866 165280690
3737422920 3737422920 109207226
205900996 3222718630 448935
1251480999 1788515972 177910407
1940927614 1940927838 210702175
2849596084 3120147200 959036291
1463872085 2659248469 386067285
1315708462 2906828706 3994366
2673104157 2673104157 108516747
3129336516 3650677568 139491259
3258641088 4062963776 137844307
3827024512 3827024512 647668100
175757337 3518149697 11434279
1664824352 4032243752 303311860
417730972 2566131996 298463574
564864000 564864000 27993089
2044487244 4191972358 119168191
2269295561 3821325446 65310662
2332329120 2332329120 184559072
76152817 2347157232 33248211
446906752 446906752 178471304
2215497586 3200649090 885409678
1999651668 2133721504 83628977
4020285716 4024471622 16354793
3028670483 3028670483 210033849
1156846854 1186211082 112600330
35904432 719197189 35838898
2298911964 3463009552 120929377
3719221456 4247703760 653089137
271525842 272574290 271525842
596938402 1171295820 30445292
679577474 1887536770 518424
1188484324 1190450404 114613492
1723712997 2949547512 211189239
2150788656 2234917400 72753818
384235536 4204875797 384202772
4044255446 4044255446 165104429
325376344 524734552 215063067
3892841418 3926393802 439165321
2169069061 3449553953 54697161
1386311714 1386311714 71637603
2310990055 3370003195 150964206
3247793967 3315197603 91827055
1285431554 3364490501 42341709
3728169468 3728693724 230399993
683804935 683804997 35211427
877701416 877701416 877701416
1554711170 3575125186 205080330
374212108 374212108 307107340
2148296567 3289146998 72803450
2599715874 3303028113 63133980
978902059 3124555040 276356025
1362530955 3832944962 552999257
2294980118 3911491090 35315285
484801306 2632252946 417725210
3511561782 4281664265 97179422
1439528208 2847488546 161684286
892713616 3675069481 202327675
2588020615 3519200128 29140538
56831134 3512930788 56831134
317449395 317449398 317449395
951543233 4252374208 130578408
2310218032 2978099299 22700345
3550417664 3550417664 42976721
252564018 2333690228 185193078
2563086594 2630129922 40355232
2875542723 2938457283 4684789
573342371 3517972834 33866171
3810665364 3810665364 449021322
919209825 3261624556 172389603
3106211609 3106211609 6175294
1110185800 1110471948 33893352
151920577 156114817 151920515
96417619 2817809748 95905623
1762859840 4164094496 12126961
529347206 3716473730 58111003
479292730 2293219737 145609177
2117946437 4273742052 289141931
149086471 1884869008 15249811
1177711707 1718768155 47934041
144692016 144692016 144692016
164752325 1410595784 114702798
68830977 1349780576 6821994
264538050 264538050 164398983
1093736974 3283206152 167051278
2708492060 3743171872 186406324
3206418580 4115366437 832935826
763387108 947977380 402717877
849058580 867906054 185453996
2226965896 3165282456 79611096
219268862 1160877806 85038847
1448800604 4014176864 48165788
3582789668 3721136160 243275244
2629843298 3703581026 43836972
3866486941 4013261809 384921588
2206502984 2206502984 26513760
2026962085 3809242679 32355175
230379554 500908068 148490356
1702727816 1965848960 118258097
2081077940 3915929393 123258685
1670911647 1939347095 63494129
1726614372 3333098340 63685451
3540590124 3544782380 270710649
2769406225 2769406225 2309810
581742964 2481345553 130176817
2195517638 2988042390 195115371
3545644130 3547740384 100469180
2508108544 3078128544 132682722
1888312892 1972196629 814571069
2188591785 3139649562 108217513
51190253 3760725734 51190253
1959658792 2352425002 70658682
1646436406 1779474486 3214581
1418959806 2951896588 117071213
1191052938 1442710154 167384972
966570976 966570976 433894368
111743089 1185418296 75554360
56909928 2231395448 4482424
3331861638 3598871682 43741400
2909276179 2909276179 75602043
2327027681 3771595490 5225455
546162441 1754825037 25344849
2477067057 2477067057 370940339
2263099394 2279874562 85211426
1697975719 3983599644 99117183
1611844682 3892481098 13835568
2303012667 3343188973 21691642
3230026930 3230026930 20456286
3265137409 3534099969 302691622
579410922 2864005178 28633584
3047397402 3047397402 325715867
4123324550 4123324550 70178045
209116986 3152907848 73326395
1315837518 3964619916 76389819
3030599798 3439471679 201567807
3797215178 4263127388 414788063
55163551 3284575461 46774103
228379925 2644362250 228379925
3159397862 4170827460 982371497
3385526717 4107570223 419258611
2244150701 3424556322 412996898
3769215026 4215357585 70492036
1437162086 3726320174 104327836
211557422 3126386705 143432814
1255613265 1339228517 30645303
528786273 2100568220 191380519
3041926219 3041926219 88513615
1962812093 4269769489 1008115447
2194472328 2194472328 30209421
173080602 2890925072 35652732
551239872 553336960 7946442
3945504935 3945504935 41614995
2265544058 2268689459 121467443
71360961 2248156097 67199683
2332353302 2994924290 3141392
485158218 485158218 214629722
1944917892 3824129284 41917501
3243724295 3943001864 391671569
489051531 489051531 287716315
1554735652 2837840762 413729662
1153908834 1963066954 210266016
1664551558 2989560633 68669377
1023963163 1032478769 287454137
642910230 1917977618 14958647
189417301 3485763329 97891137
2494067522 2494067522 346714946
2697998947 2966434371 3754527
3514198554 3850549609 152353647
2946425021 2996829090 656340159
3245259132 3750246069 201068381
3934928296 3934952872 45121498
3619358 3529695512 3601624
75551602 3322942854 67688230
2284370212 2284370212 2732342
2833263879 3500540975 99814666
3541074793 3944239873 171025299
546585300 546585300 9714333
2150243868 2387283980 143627424
615137634 3840974850 58855913
93609374 2240830878 80763838
337787970 337787970 271719446
2719510896 2719510896 43791146
892108150 4034782601 97419066
1149949840 1955376400 235011601
2282258472 3498573888 263396
2757326628 2866487040 135692229
2626574624 2626574624 181560888
2999059942 3775625733 26638510
1153806230 1153806230 80064470
1008002799 1008072271 203226831
285292083 291534593 275805953
1576542315 3540104570 13573998
2720103460 2720103460 570522822
471308368 2455374225 52038265
325747317 3407913579 33926583
1644423767 4060211798 5683150
73602636 2489491624 19467450
3453246937 4202785655 513369975
2687163880 4239102224 121280291
508241746 508241746 309999162
4074754072 4074754072 731834968
106125958 106125958 3234223
248351441 248482385 173652570
1051943949 2026490421 211643159
311464966 311464966 12641801
447775660 4173726982 444996780
3809952346 3884270170 239562811
116601963 116601963 112439419
1008636976 1008637216 270417475
2005663883 4155048200 54627691
3773259926 4039581910 404208308
1783630117 1783636265 146085932
1502349475 4035326097 76428593
2530820488 2530820488 278731164
2073940320 4221359200 161125886
1006985849 4172808817 18670542
622800780 622800780 85929884
3397129542 3968611952 696407987
2913093349 2913683105 390696615
3289818647 3298206743 22353395
57017558 2774565978 57017558
125283229 134195486 125283229
3815682382 4245676302 188673357
2047935266 3120777504 311708962
1073826126 3221309772 2624636
683521180 3096720798 244714878
1037344632 1037385560 484294488
233311313 1435259266 70857370
15926710 15926710 11671477
1566633015 1575025714 3833591
283363448 1491191912 283363448
388700061 397105029 388700061
4009216207 4092824383 230277055
225590954 225590954 158744234
51382626 1234176065 142435
2051821538 4224076400 26212974
611059621 3940688164 65149038
172087248 172087248 172087248
2494568112 3558381200 27671152
457966998 3259534667 34391887
2177142033 2793736241 4805489
2198331539 3682689170 154949258
2632547020 4206384564 372553463
472541121 472541121 11431006
55872916 3501496337 3099825
279043609 833166361 279043609
138896949 207872564 138635061
139189324 1351546886 139189324
3376596380 3376596380 5431097
3366454008 3404210712 535306258
2980061989 2980061989 33153792
1200154955 3476648962 26558110
1978787168 4285326368 142474802
1916810805 1916810805 68599366
1891867796 4056095120 107955845
2212470932 2212470932 47885011
1869215184 1869215184 98433214
2437031508 2437031508 22159966
111181296 111181776 103841744
2115970205 2115970205 331318619
388083983 401616973 298866807
154562568 470694144 60574
1397501545 3519653251 290139343
2848683355 2848683882 197883707
3986977831 4121195559 155319223
81334794 3940549648 3868426
2592803404 3385901872 260120344
3536240868 4072757552 49868548
1428484098 3307515938 18987107
516900925 1045383229 157078959
305227242 909156986 305227242
3318522437 3318522437 164018221
514333517 3194558792 368493321
2526712348 3760514575 210555622
3657065824 3657065824 93230967
1105223955 3764789540 146856229
1660113303 3769848727 715366294
3615495667 3615495667 51544035
826286273 840998977 2367717
2650653077 2650653077 30922739
508954628 2857764928 186057536
1069662666 1148452108 12320028
3306316751 3314621783 185331823
3624732989 3707884336 193580596
1276129091 3825220425 16373
3498198531 4034922115 30745220
286363810 420687874 152187170
3515352215 4035445911 20641826
3853190363 3853190363 553237817
302273228 323244736 9196742
259097029 2434898389 4963541
2262413476 2278373416 13180794
1891738074 1904320923 57775307
70973545 640211305 2678266
682704419 682704419 305128738
2283409952 2283409952 1716769
3263773673 4092627027 509135989
323037818 324088440 47231228
2819163908 3464495428 210280772
2367752801 2367752801 218180195
3321416018 3787713624 98546744
1539599434 1539599434 458506863
861816734 4114498460 198599391
2487074837 2487074837 47659075
645395714 2792746242 33008007
1705723193 3858498710 267658631
516432009 1027604828 155322463
3102195788 4176117775 614676730
3827410989 3835922473 36911163
2444847536 2444847536 69015279
2172120833 3107633936 575321082
3829487767 3829487767 22522100
666690589 733504919 41608919
110143685 110143685 9480407
1111370949 1111370949 35530221
2943488973 3211953093 603167887
3479473947 3479998233 13595583
2813096006 2813096006 881884750
4106808844 4244122636 107575196
3253809708 3253809708 62206055
1191536320 1466181124 371604100
1901035045 3673392966 464952778
3498641000 3498641000 270651486
375025708 4235464800 220996942
3616326959 3884569539 64481009
597275216 1301320267 62492755
1823870904 3069641773 47176412
2367300431 2367300431 85701447
2565664366 2565664366 485285486
804810174 804810174 802708927
684738257 3537703040 273400007
538283358 2689961298 72469210
2226849247 3021669343 471275390
2195685506 3661799505 416948301
2252064663 3205940765 59688831
3379233565 4263068713 343625378
91446410 1199183114 14667042
40444706 1361323108 40444706
1259871397 1259871397 177773733
133310833 1469082723 66202993
3615905480 4125533697 29073907
882608244 884934929 88050128
3504043983 4127100698 505311167
1411059765 1411059765 28333591
74486907 74486907 74486907
646483584 646483584 117606554
3982229806 3982229806 211089010
1083918366 1737496590 119561351
3104246593 3136303376 105966275
3341666932 3408390712 24603483
1615404923 1617530746 575508466
3765192196 4161122560 69889105
1606859116 1878534239 233534844
1642390038 3542427974 363076454
2251936098 3680874497 22723788
1104523431 3952104971 4227007
605453365 605453365 68517045
712497207 720867871 586634046
923101961 3898960516 207874582
140994838 459302661 138563383
648205754 648205754 111400378
21341744 558179888 17049205
158444991 2305943743 57784767
1723101812 3402723638 46267890
2237539712 3788702084 12783592
486574522 3103826354 361398334
3163792369 3968067441 711293884
1695425444 2907247216 80446840
1579549370 3915525217 30992841
3760720825 3769174960 24755280
158802043 158802043 158411003
1454558002 1991428898 215717482
3471230787 3999713091 240573239
2235023361 2724577313 572899625
69036708 1464009664 69036708
660087088 2870479408 71865013
2194168027 4075102416 6993295
3894719983 4230263278 363255215
2285688186 2285688186 138205050
1443957793 1443957793 83959331
1263282645 1263282645 7767933
1871174177 1871174177 716667523
2268869275 3189731464 207983549
1955819771 3549658736 255458244
2150453753 4228446400 196633426
2449486701 3007330881 323104861
26656097 295091521 26525033
529125002 529127050 462018218
3000781831 4137437699 114645651
3309801711 3309802686 108662255
3812925068 3974630804 246833606
3431125155 3967996962 121780838
3259320744 3259320744 34795738
3309649202 3320261216 23338431
2988785742 3055894604 44749898
108912902 310235398 11820942
1203863970 2399741449 43402055
48922773 2345189648 29693720
3779926392 3813480760 184937779
693213268 693213268 558995542
504438997 2266243285 51524309
812983828 2692032660 218399951
2790721870 2790721870 322411082
1510479720 3777070440 539592169
1379934808 1916863016 197155840
2523695124 2523695124 7244954
1347461685 1349558821 18399729
1152027943 3433598215 11429175
500209707 3071058656 102540022
1895736764 4185431761 1006165712
1354265805 1890120845 274255773
951085585 2217625536 2776034
649844712 649844712 112973816
239624668 2035832856 223891804
1164197251 1298985218 4449273
2157608688 2694479808 10125296
3525772016 3529706704 278332731
2717111758 3848783197 460281462
2198673098 2199772168 4030032
2869274176 3942983232 390601801
1070177028 1070177028 366827798
3088295499 4177669182 262966054
486964350 4270810124 177994442
204633172 210924628 204633172
3058041218 3058045312 6440665
2723414428 2723414428 4548787
959729440 3799189028 543286443
4035719296 4035719296 10838155
269462586 941308228 18300171
609226637 2191042193 1871757
3771932996 4072737092 312746902
1411559987 3292111619 235498307
2803118208 2803118208 70331074
1682964785 3829399857 135340345
38864778 1246824320 38864778
3343153 19071793 3343153
500647431 3972292388 80434095
1203607909 3947196647 60189687
988619793 2557283889 72945641
144405770 3252495370 14445710
957206120 957206120 152907500
2391462856 2652554184 421521794
2857530986 3797773505 100344534
179077126 439126024 36473128
606047146 1757518062 98245255
346731783 3722872834 28631947
221929774 221929774 17005359
3289121891 3289122401 2720651
898040951 1897572184 50837356
614796063 615320412 614796063
2788952170 3965257928 69414378
4030135025 4095662773 97248223
1663262909 1672634541 49444273
2893173002 4235235338 203081871
728887228 1735519676 662121973
96337920 2516730432 86376497
37457078 724764886 37457078
2135014697 4015078697 489285555
1194912977 2652202213 104221686
252726757 252726757 252726757
90998718 220956478 86478654
1778951458 2550666030 50796657
286101614 973869482 277713006
20316885 20316885 20316885
2963151759 3097375627 560313759
1445528083 1445528083 53084827
508448781 3103856143 134697885
638799070 638799086 12020174
3184045280 3184045280 644634735
670043756 3890220588 670043756
1225043265 4195365184 285471792
4110061671 4112579305 113147079
1982239989 3890517525 123010508
538821578 542950346 5562831
1406556421 1984844673 113037667
1794092335 3484865965 265739191
1513500802 1781936258 138655064
2333643232 2333643232 151822716
906578903 4039909282 286913374
1266880716 1267925094 12194163
3878037282 3886425858 112793775
190596613 3196682257 190596613
1755479427 2325098138 38698170
2517853754 2524464938 377046826
3533751353 4070621304 15141950
543970425 812407889 543970425
1406501041 2105278537 289059001
396474390 2410786834 242917542
1149897216 1653866512 16914736
2203205469 2203750903 56267263
360671842 360671842 360671842
3267633795 3617587777 1423507
2290630310 2554412326 63019190
1009001079 1009001079 86909559
1121842822 3411146380 64353996
2151167005 2151167005 3683485
2992725925 2992725925 357265853
2839559367 4185930436 205152997
3377575184 3377575184 5627288
475072957 475089333 475072957
144129207 2690874309 40860609
3088512972 3089038028 815725516
2258932677 3601076934 39960217
1558470087 3704364521 348987371
4196033188 4200259716 392227034
295365839 458224808 295365839
78351285 78351285 78351261
2220049037 3394420897 72598157
3099648551 4181827623 22918708
2620103348 4027670323 408009339
2310775077 3637580598 131670838
755046988 2294318254 26481726
953443808 2626971104 90481148
605823028 2686198789 274468908
3035626860 4159688040 803045315
387584451 2965852832 6243235
2608917909 3514787976 452622530
195580525 1267225197 61953340
3492029572 3625985156 406856908
425476385 2587770881 84068638
1303599965 3765108621 627829671
605049482 2685457032 17879690
2114525926 3000310563 377894327
3085371812 4159380096 287816062
73986297 73986297 73986297
1723637142 2280490173 116235453
61223547 601494123 31065847
30561719 163992759 30561719
2702360872 2844803114 3871632
873365781 873365781 71337775
2518098575 2534550159 104013455
3256065275 4017492370 263529807
2230109057 2230764289 1283934
2727887368 2727887368 33644780
428876864 2821785601 10813731
1545933430 4012900716 80816030
4050945050 4051178522 647598824
306449697 314836257 830760
1925175682 2063583490 586841436
2699662993 2699793937 35782450
3268401297 3821973649 423129042
411175596 2301821728 138926
542133114 3022211848 29772935
3235888696 3369975352 486243873
1258982318 1327901070 154610629
1353715742 3792290050 141066673
458268185 458268185 189832731
797528870 1334367014 103254887
3099355481 3099356465 817687921
3568819957 4273446236 635959805
1711547459 1711547459 235676739
355969581 355969581 292793133
2020229232 2020229232 76945641
3422549324 3958329165 779349998
49007076 49007080 49007076
3629427319 3629427319 174268151
69785632 2166667264 18921988
763906796 4129365153 581210084
4232586249 4232588290 743457459
3981223043 3981223171 30578523
189149131 260452043 189148891
1141300207 3585370593 249703279
32172466 32172466 23783866
2144998572 4285700260 796039357
33344156 33344156 33344156
3109254975 3117643581 513505211
3762397860 3762397860 676639
4149018400 4207719850 251565006
352648353 395335218 127424050
1258651922 2837742338 51725008
832187623 3242195458 272104075
3174368032 3182496512 541251258
1057024645 1058071173 49437353
175952047 175952047 175935679
1285685900 2752036970 68731242
749496606 749498654 177625886
756800014 1966788105 33484306
211594345 211594345 24651701
1341132324 2050647584 71056745
3491062470 3773899299 78564366
119693382 3576299588 31604826
264655025 2211060067 10010507
166896675 2722727589 34721509
3905263628 4278648856 103491804
560112850 2343174754 154024210
2146497772 2147013876 464895230
420303942 1529021552 55723430
2555445845 3439858116 23597405
2455426050 3225616991 21089927
187116403 998584024 153562995
807413476 807674596 54052993
887741633 3467171956 74178201
1092155266 2007778306 100221994
996972776 1833802184 141516201
3088047241 3088047241 676322443
172992631 4157047873 47148150
2576508313 2941453961 241641101
365847391 3045942107 361587707
19457778 3517866049 2252503
3661662491 3661662491 169052447
1450239185 1987110033 575988895
445827867 1456113182 91371165
1225386731 1496910447 156879471
2160308268 2294723080 13545989
1292467078 3379907520 87266907
3094235220 4047581838 306918122
1433595953 3056759586 22637294
1635876168 1640245096 29634424
1091097939 1091097939 17315198
76551715 2217747505 9451043
2968859674 4163640858 44923721
3373552372 3423886036 68484812
3166632030 3971799647 231526399
3995041820 3995041820 123508505
3503400653 4012709901 41752427
2223280651 3871346691 31900176
3578288964 4115159620 154025768
2190358292 2257458964 109850135
243988966 2934654180 23719165
3354481220 3607957628 8019847
2419097102 3492839044 170972900
469807118 469807118 71938060
2384049649 2392440656 247054160
1368013424 3592688205 101265227
1628129499 1632192731 85544095
4163434754 4199075851 471398940
1502000966 2095449930 216329869
614734184 2575569196 69081372
14249592 14249592 14249592
2190844190 2195015892 47548509
1275301579 3724886738 183260568
2149701139 2149701139 2725523
2648856486 4110287828 242731930
3753043030 3899434997 20967285
222806907 224903547 222806907
810064193 810064193 805313351
960546061 4194317580 69110923
2081693819 2652166308 248797349
3960148204 3960148204 542781031
649428254 649428254 129334558
2359611331 2359611331 94697411
1112622288 3258975452 135420308
894227288 894227288 621074267
1449537737 3709878017 14219141
643236744 677119593 140248313
2429066852 3074443558 256394662
234981158 2047749120 202016302
285325360 285325360 285325360
1342238405 3876866053 77087639
3664186366 3664186366 771220716
1586550536 2442300316 11738061
208243684 2977333641 60179646
2569152814 2569152814 56764843
1673161 5867457 1673161
3016053061 3138867461 194435347
2737773812 2805794037 605998807
622054629 657705188 108775540
914307300 1048525024 718175969
1693225173 1840027729 15511791
91073331 92121891 91073331
1850873051 3469955273 196843746
258732817 795861272 50323599
3715335211 3723838505 346287899
716551842 782035494 681146990
1108019347 4096000145 2129316
1335329434 3482780314 168795881
2463197960 2463197960 51729308
1112214044 2535690752 126980376
897716935 897716941 352536293
3099526745 4271314512 632071102
271145715 1376850559 271145715
3626323456 3674541568 157253764
740237826 3439356240 77015682
230758928 1602290192 230758928
879265374 879265566 15521676
1994148943 4231944856 434435813
1683538248 1683542088 561042624
2342758070 4111178872 78244606
1287675816 4139786391 273484733
2855607204 3915825548 52723634
1751948851 4032640113 315385271
398410822 2614683715 161085123
1080175371 3835789445 4656775
1753708674 1755818114 149391754
2628004561 2644783809 30072071
2940080676 2940080676 188567861
488344884 2161887668 21874031
1400191938 1537556360 300269464
3868213474 3868278946 6958994
1026871941 1026871941 490525317
25563331 3248489027 536735
23897960 166372648 23897960
1434730 168021544 183996
700991174 2910921836 44009739
1140966079 3576791566 55400643
1844631196 1844631196 49168287
716030967 716030967 246236159
1520950307 2047308026 711168766
108806958 313509448 36567625
4149322066 4179419794 106786911
1867581152 1961951907 99762638
1161228645 1499060532 403414012
4067632384 4203917568 63091285
2166838691 3412628114 23549347
2836121432 4161691400 86889194
769740656 2875534449 711797877
2825949525 2898362459 109375798
3846177444 3846178436 25634057
2391281496 3325568840 71072521
3849166860 3849953292 33668527
357366344 357495368 5691739
958661547 958661547 287843259
1086498849 1220684040 63047976
665848456 665864712 665848456
3529907506 3529922866 16313998
2462549682 4227334213 19234253
1318347207 4007684257 541685486
3464536773 3464536773 42116839
3110307 3335139980 3110307
1485474280 2290526092 135488476
1665220962 2434886976 18965992
135496366 3901366345 46319796
70959887 74795399 70435631
2871384397 3949314381 46913981
1095782087 2231660109 21253839
818085898 822281474 1117273
13191757 348325544 13191757
2951869607 2951869607 190578391
1004542980 1396792325 56958021
3976439641 4061173629 246205751
1118043777 3070739729 310655993
1141134339 2483307265 100942657
1530946397 4277666120 105190783
2041395330 4220596865 603672900
1383523813 1391912417 282263495
1041280547 4179907658 101162190
3455664404 3971551283 174990526
4061123460 4095439621 874509061
163915208 482682184 163915208
2820920752 3909178802 111220158
16817075 3474031136 52211
1774486112 3440034312 146845010
2304123437 3570176517 15488406
1640560648 1640560648 147646688
1048786914 3156752342 311343837
3441689832 3978560712 218184734
2489916365 2663977367 342563231
4183299124 4184871988 695358734
46768899 3426829065 5018300
747557249 3244232773 17299681
285499347 584862231 810971
511748109 522258513 178651857
2903502788 3981414340 148013054
2240891212 2240891212 11920518
1044030878 1044096410 373007838
2320767200 2589214912 268653242
221311394 2586837498 84996526
2762858167 3962887895 389435383
1212263426 2852391970 3032083
20454638 353377518 5878990
18556656 3913424388 18556656
1456886372 2598130276 39267275
2183546062 3318236744 20327876
107348029 3328049188 74224225
3475343380 3475343380 53968927
1613122956 3557764352 344306956
2988096514 2988356610 117624991
743130458 3721011588 227158471
1738588427 3783967769 95080537
3998255886 3998255886 308608139
152849325 406078429 136834882
222180869 3653652772 10973422
982887501 1958052199 606008248
1624358760 3203404257 584694117
1758002551 3192602228 293076788
87454099 2375434635 85356955
2251793290 2753012410 55884515
2190600387 3331451072 596703426
3309192298 3309192298 91898618
3271083269 3984097872 36003810
1187695109 1690357285 117861645
3401271603 4042115476 94858678
134694481 174262802 134694481
2960052833 3125698631 25884366
1369806211 2711963077 564487621
2467497844 2825225434 10549471
469293430 469293430 299621719
3025678635 4035484332 68097599
107179048 108096552 34834795
2577783483 2577783483 493865654
117703970 117703970 50595122
3424991058 3424991058 103627603
1177097238 3325559830 403844216
3521079336 3521079336 565946763
51049096 1191729793 51049096
1192494240 1200882816 35987682
643119722 643119722 575877882
2330661444 3055232520 237610570
763871386 1938592536 227220118
3734596780 4251020208 50265921
596433803 1804351674 161855930
1293463931 2678174028 186227566
621749774 2702124558 162439197
376352940 376353932 376352909
2325084236 2585046109 320645215
1111193317 1111193332 305886454
2730352198 3801996870 249404951
944780097 2838824456 6181988
269113045 269113045 9066077
61759726 61759726 61759726
1931379077 1931403521 44000007
2481211466 3554936906 15362357
1420316772 1420316772 346706020
3272691460 3272691460 321814644
982534457 2642458248 84003423
236197032 2349625380 1544341
104223166 4215939412 104223166
2560447682 3461351324 26226654
273753796 2483228743 18417291
872064804 3547616791 57736045
214244916 214244916 205856316
1262103202 1370401030 204707060
101815590 1750142160 100774756
3001369842 3001369842 119564285
3297615026 3733036130 23046445
464071574 4018833555 241601423
1154717715 4211417221 20652998
611332319 1700798687 291546843
2060071471 3662573809 509507824
1449102146 4039788020 73228109
2152823980 2161212556 4816015
551774442 2562442252 2082477
4177178794 4177178794 47969879
465837237 3722064898 45731371
103016769 103016769 103000417
2049522432 4202783492 372122452
3502608405 3502608405 274831573
3242640646 3267971594 45168528
879823575 2001019094 80175831
3463704036 4268877164 182713789
1214802791 3050392113 283209145
1089909650 4048954426 168227135
3109132288 3713110016 491858184
58895443 371654939 8435295
2004855957 4279986845 431963039
767788210 767788210 767788210
462171865 1594689265 130517625
253465217 256610945 206281347
7342213 543232065 6619205
3366499521 3510383776 9715279
4112852236 4150599944 233280036
194072650 3093842240 149440976
2484269474 3323300244 1767864
1642665013 3967365392 133331076
1688188987 3537795610 116224702
3232417308 3500819996 124948586
1312301458 1315447186 1326027
390208549 390224936 57314840
2388764912 3479251392 132391658
3204011155 3204011155 916896126
2966228589 2966228589 558803694
30794791 1165030437 22344871
3767955744 3768021248 25606738
1088164413 1625035317 37086086
3507203479 4145468296 89050094
2685296182 3809937701 546758959
701999963 701999963 165133147
2278707721 2807190025 127061513
3418656806 3418656806 29986150
475654226 3898199568 21558077
3058981553 3134463384 449214960
2450265393 3760915745 2818877
1608091074 1608099010 245097954
2716211406 2717258126 95728046
3307669263 3878028634 239694259
1380277467 3880063643 93100783
224669220 224669252 220211799
450627223 508175070 172500959
516981414 3704652386 516981414
43006273 581972033 43004233
1411641398 1445196324 94942627
815019463 3198316673 311701975
764412622 1033371726 135288159
217342840 217342840 150250488
2827865702 4286925834 160820828
2842469933 3107745837 287896509
1730948208 1730948208 623655345
768979328 3583001961 59787131
274292512 1882534688 270883622
3860010010 3860010010 93887306
91276 115912 83148
286245908 3922362432 152443057
2092808368 3639991555 50275829
69407787 4029943040 4485481
906699050 906699050 10139880
882293142 1965537680 149945104
827248990 827248990 19323774
3491408190 3507628894 85094254
2882759696 3077204993 77905262
1096975602 1167363206 17616102
21630926 55185230 21630799
3950917002 4216942990 466090787
66556864 67080896 49405648
1070656572 2140494996 198694804
664073512 2508517858 58783699
2613051903 3687318012 580281822
1541947396 3611837444 58856149
701101076 2833623109 149273669
385945884 2155057248 7509600
1799952835 4217113248 59552571
